0 0.4370403523728332 0.35967295345104333 0.08408354646206305 0.07729133226324233
0 0.4325760159136118 0.2684249598715891 0.08936203466894008 0.08340088282504014
0 0.43867007672634273 0.46609149277688605 0.0731358340437625 0.05337279293739972
0 0.3053211139528275 0.7580557784911718 0.04229894856493319 0.0995786516853933
0 0.33735152031827226 0.7656300160513644 0.02963341858482529 0.10669943820224718
0 0.3767036089798238 0.7591432584269663 0.040134981528843455 0.13385634028892462
0 0.40681159420289853 0.7536416532905297 0.04067632850241542 0.11884028892455863
0 0.44431088377379935 0.7587841091492777 0.03326513213981243 0.12511235955056188
0 0.4760272804774084 0.7615890850722312 0.02565501562944024 0.12670746388443022
0 0.5047073032111395 0.7603029695024077 0.03470446149474282 0.12815008025682179
0 0.48995737425404945 0.7312359550561798 0.0052046035805626755 0.066005216693419
0 0.5408070474566637 0.7565288924558587 0.03302074452969588 0.11659109149277691