0 0.19485329725110384 0.3320364405073485 0.07066443526563171 0.26544191664988925
0 0.2645734225893747 0.33367123011878397 0.06767483264492237 0.27072478357157237
0 0.33371172197692633 0.33103684316488824 0.07206736932060956 0.2674692973625931
0 0.403573565019228 0.33124723172941417 0.06936048995869529 0.2719176565331186
0 0.4720367469021507 0.33266357962552845 0.06955419455917962 0.2687104892289108
0 0.5447350804728671 0.3306482786390175 0.06967169918814983 0.2687054560096638
0 0.6243975217205527 0.32988624924501714 0.08941532545221477 0.2611415341252265
0 0.7014314200256374 0.3315613046104288 0.061172909841902975 0.2644916448560499
0 0.7712505341119499 0.3324672840748943 0.07547286711294694 0.27032917253875577
0 0.843391966956274 0.3295530501308637 0.06878008830650914 0.2685282866921683
0 0.9152962540948583 0.33162472317294145 0.07300883065090434 0.2726716327763238