0 0.46776273331224294 0.08246023756794846 0.07124137931034479 0.07633581638816186
0 0.44367352103764635 0.21376182806523053 0.03951407782347361 0.08224481578417558
0 0.44459348307497626 0.28036943829273203 0.04578234735843088 0.0674833903764848
0 0.13088832647896237 0.6510418763841352 0.035266687757038916 0.16961042883027982
0 0.2213343878519456 0.6538665190255688 0.03393799430559952 0.17324541977048524
0 0.2731059791205315 0.6501147573988323 0.03940968048086051 0.16372760217435064
0 0.34228472002530846 0.6512623313871553 0.03603986080354322 0.16803805113750744
0 0.4297874090477697 0.6454670827461244 0.0332534008225245 0.15745319106100256
0 0.4442511863334388 0.7269851016710288 0.00017526099335656036 0.000376484799677852
0 0.5238987662132236 0.636328769881216 0.03672445428661818 0.13313770887859877
0 0.6083625434988927 0.6411465673444735 0.03482062638405569 0.14579122206563327
0 0.6929813350205631 0.6526082142138112 0.03132742802910478 0.16972216629756395
0 0.7471926605504586 0.6536893497080732 0.03345586839607722 0.17591201932756192
0 0.8007257197089528 0.6517294141332797 0.04055235684909841 0.16997886047916244